26.17045 17.45689
67.43748 74.89741
35.78957 21.88137
73.11800 77.59647
32.47677 20.69615
77.67792 63.77791
26.74746 20.49576
72.81021 63.39755
31.14674 19.58423
62.09147 62.95961
29.47681 20.38805
65.08770 68.48899
32.24500 25.25554
64.32972 62.61107
25.32990 26.81421
68.17151 66.05978
32.34617 26.37781
69.24242 65.51680
29.63980 29.52547
62.35285 63.60884
26.476192  9.274411
71.51782 62.16501
26.70441 24.04036
74.23755 62.26254
30.02249 29.57903
63.75835 67.09110
28.09616 25.62961
71.22054 68.01029
34.17764 20.74798
80.18666 61.46356
26.28827 24.39112
77.12709 62.53564
29.968967  7.306681
67.56118 73.21191
35.89468 21.70369
73.95942 63.12537
35.89887 23.41649
75.15364 47.47391
30.64731 32.08362
70.46637 66.84045
26.9649 23.6360
66.42045 77.67820
37.20203 24.28130
74.97448 63.34123
33.48928 17.69801
68.41795 72.89208
30.81782 20.60771
77.07589 70.89859
35.4742 22.6066
71.46274 61.88436
28.36950 20.70564
69.78346 75.33218
38.19062 25.39849
68.65836 66.45981
34.73577 22.60339
75.14340 65.16715
38.08467 20.80706
71.41417 68.52689
34.04464 20.45884
66.59089 67.48022
27.67394 22.74099
76.21339 60.19135
29.59094 20.81430
67.03667 69.10188
37.94563 21.66554
68.86016 69.21796
26.00356 31.62784
64.74563 65.31569
28.30431 14.40115
82.64921 75.77468
36.09236 17.79401
63.70422 70.69224
33.39554 34.57358
68.84011 61.95968
38.34931 25.37012
66.86699 57.76242
32.11281 26.89632
77.08596 63.08138
36.70973 26.67309
64.41839 72.98834
31.41050 20.81005
66.79864 72.21066
33.20000 15.70312
67.27046 62.22326
28.40684 24.59518
70.55547 68.90256
14.43734 27.12462
72.19954 67.42943
22.97092 24.71545
67.23403 62.61845
34.24570 25.73779
68.64225 57.64978
20.53392 20.56283
68.63768 66.88963
28.05185 23.32096
67.53757 58.67108
34.88691 21.37789
68.70928 62.04806
26.41585 14.90891
73.69104 69.69738
