1 0.88000
3 0.86900
5 0.86700
7 0.86600
9 0.86400
11 0.86500
13 0.86500
15 0.86500
17 0.86500
19 0.86500
21 0.86500
23 0.86500
25 0.86500
27 0.86500
29 0.86500
31 0.86600
33 0.86400
35 0.86600
37 0.86600
39 0.86600
41 0.86400
43 0.86400
45 0.86300
47 0.86200
49 0.86300
51 0.86000
53 0.85900
55 0.85500
57 0.85300
59 0.85200
61 0.84200
63 0.84200
65 0.83600
67 0.83800
69 0.83400
71 0.83100
73 0.82800
75 0.82600
77 0.82600
79 0.82600
81 0.82600
83 0.82600
85 0.82600
87 0.82600
89 0.82600
91 0.82600
93 0.82600
95 0.82600
97 0.82600
99 0.82600
101 0.82400
103 0.81900
105 0.81900
107 0.82000
109 0.81400
111 0.81200
113 0.81000
115 0.80900
117 0.80800
119 0.80600
121 0.80600
123 0.80500
125 0.80500
127 0.80500
129 0.80400
131 0.79900
133 0.79500
135 0.79500
137 0.79200
139 0.78800
141 0.78400
143 0.78200
145 0.78300
147 0.77700
149 0.77400
151 0.77100
153 0.76500
155 0.76200
157 0.76200
159 0.76000
161 0.74800
163 0.75000
165 0.74800
167 0.74400
169 0.74200
171 0.73700
173 0.73700
175 0.73500
177 0.73300
179 0.73100
181 0.73000
183 0.72400
185 0.71900
187 0.71900
189 0.71700
191 0.70800
193 0.70500
195 0.70300
197 0.70200
199 0.69800
