1 0.91600
3 0.92700
5 0.92900
7 0.92600
9 0.93900
11 0.94000
13 0.94700
15 0.94600
17 0.94300
19 0.95000
21 0.95000
23 0.94900
25 0.94800
27 0.94900
29 0.94800
31 0.94600
33 0.94600
35 0.94600
37 0.94400
39 0.94400
41 0.94400
43 0.94200
45 0.94000
47 0.94200
49 0.94100
51 0.94000
53 0.93700
55 0.93800
57 0.93600
59 0.93600
61 0.93600
63 0.93400
65 0.93400
67 0.93600
69 0.93300
71 0.93100
73 0.92700
75 0.92300
77 0.92300
79 0.91800
81 0.91700
83 0.91600
85 0.91500
87 0.91100
89 0.91100
91 0.91000
93 0.91000
95 0.90800
97 0.90800
99 0.90300
101 0.90600
103 0.90500
105 0.90500
107 0.90400
109 0.90100
111 0.90000
113 0.90300
115 0.89700
117 0.89800
119 0.89800
121 0.89400
123 0.89400
125 0.89300
127 0.89000
129 0.89100
131 0.88900
133 0.88400
135 0.88600
137 0.88600
139 0.88200
141 0.87900
143 0.87900
145 0.87800
147 0.87600
149 0.87400
151 0.87200
153 0.87200
155 0.87600
157 0.87000
159 0.87100
161 0.86800
163 0.86800
165 0.86500
167 0.86500
169 0.86500
171 0.86500
173 0.86500
175 0.86300
177 0.86000
179 0.85700
181 0.85700
183 0.85600
185 0.85400
187 0.85400
189 0.85500
191 0.85400
193 0.85400
195 0.85200
197 0.85100
199 0.84900
