1 0.88200
3 0.87300
5 0.86600
7 0.86300
9 0.86300
11 0.86300
13 0.86300
15 0.86300
17 0.86300
19 0.86300
21 0.86300
23 0.86300
25 0.86300
27 0.86300
29 0.86300
31 0.86300
33 0.86300
35 0.86300
37 0.86300
39 0.86400
41 0.86200
43 0.86200
45 0.86300
47 0.86300
49 0.85700
51 0.85600
53 0.85500
55 0.85700
57 0.85200
59 0.85100
61 0.85000
63 0.84900
65 0.85000
67 0.84700
69 0.84100
71 0.84000
73 0.83600
75 0.83200
77 0.83200
79 0.82900
81 0.82900
83 0.82900
85 0.82900
87 0.82900
89 0.82900
91 0.82900
93 0.82900
95 0.82900
97 0.82900
99 0.82900
101 0.82600
103 0.82200
105 0.82100
107 0.81300
109 0.81000
111 0.80500
113 0.80700
115 0.80700
117 0.80800
119 0.80800
121 0.80800
123 0.80800
125 0.80800
127 0.80800
129 0.80800
131 0.80800
133 0.80500
135 0.80300
137 0.79600
139 0.79500
141 0.79400
143 0.79300
145 0.78700
147 0.78200
149 0.78000
151 0.77600
153 0.77800
155 0.77300
157 0.77100
159 0.76400
161 0.76400
163 0.75800
165 0.76000
167 0.75500
169 0.75300
171 0.74600
173 0.74400
175 0.74100
177 0.73700
179 0.74000
181 0.73500
183 0.73100
185 0.72300
187 0.72400
189 0.71800
191 0.71500
193 0.71200
195 0.70500
197 0.70500
199 0.70600
