1 0.89900
3 0.90400
5 0.90100
7 0.90000
9 0.89800
11 0.90200
13 0.90300
15 0.90500
17 0.90700
19 0.90700
21 0.90400
23 0.90400
25 0.90500
27 0.90800
29 0.90400
31 0.90200
33 0.90200
35 0.90300
37 0.90300
39 0.89800
41 0.90000
43 0.89800
45 0.89900
47 0.89700
49 0.89600
51 0.89200
53 0.89000
55 0.88700
57 0.88900
59 0.88800
61 0.88700
63 0.88100
65 0.88100
67 0.88000
69 0.87900
71 0.88100
73 0.87600
75 0.87400
77 0.87400
79 0.86900
81 0.86500
83 0.86600
85 0.86400
87 0.86300
89 0.86100
91 0.86200
93 0.86400
95 0.86300
97 0.86200
99 0.85900
101 0.85800
103 0.85800
105 0.85600
107 0.85800
109 0.85500
111 0.85400
113 0.85400
115 0.85300
117 0.85100
119 0.84800
121 0.84400
123 0.84600
125 0.84400
127 0.84300
129 0.84200
131 0.84200
133 0.83700
135 0.83800
137 0.83600
139 0.83400
141 0.83500
143 0.83300
145 0.83100
147 0.82900
149 0.82900
151 0.82500
153 0.82300
155 0.82100
157 0.82100
159 0.81900
161 0.81900
163 0.82100
165 0.81000
167 0.81000
169 0.80700
171 0.80700
173 0.80700
175 0.80900
177 0.80500
179 0.80200
181 0.79500
183 0.79400
185 0.79400
187 0.79300
189 0.79100
191 0.78800
193 0.78800
195 0.78900
197 0.79100
199 0.79000
