1 0.88100
3 0.87000
5 0.86900
7 0.86800
9 0.86700
11 0.86700
13 0.86700
15 0.86700
17 0.86700
19 0.86700
21 0.86700
23 0.86700
25 0.86700
27 0.86700
29 0.86700
31 0.86700
33 0.86700
35 0.86700
37 0.86700
39 0.86700
41 0.86500
43 0.86500
45 0.86400
47 0.86500
49 0.86400
51 0.86100
53 0.85600
55 0.85700
57 0.85600
59 0.85600
61 0.85600
63 0.85400
65 0.85300
67 0.85200
69 0.84800
71 0.84500
73 0.84100
75 0.83700
77 0.83800
79 0.83800
81 0.83600
83 0.83600
85 0.83600
87 0.83600
89 0.83600
91 0.83600
93 0.83600
95 0.83600
97 0.83600
99 0.83600
101 0.83200
103 0.83200
105 0.82400
107 0.81900
109 0.81100
111 0.81300
113 0.81300
115 0.81300
117 0.81200
119 0.81500
121 0.81600
123 0.81600
125 0.81600
127 0.81600
129 0.81600
131 0.81500
133 0.81100
135 0.80900
137 0.80200
139 0.80100
141 0.79700
143 0.79400
145 0.79100
147 0.78900
149 0.78500
151 0.78500
153 0.78400
155 0.77600
157 0.77600
159 0.77600
161 0.77000
163 0.76800
165 0.76500
167 0.76000
169 0.75400
171 0.75400
173 0.75600
175 0.75600
177 0.75800
179 0.75000
181 0.74300
183 0.73900
185 0.73500
187 0.73500
189 0.72800
191 0.72300
193 0.71700
195 0.71400
197 0.71400
199 0.71000
