1 0.89800
3 0.90100
5 0.89700
7 0.89900
9 0.90200
11 0.90200
13 0.90200
15 0.90200
17 0.90200
19 0.90200
21 0.90200
23 0.90200
25 0.90200
27 0.90000
29 0.89900
31 0.90000
33 0.90000
35 0.90000
37 0.90000
39 0.90000
41 0.90100
43 0.90100
45 0.90500
47 0.90100
49 0.90500
51 0.90700
53 0.90500
55 0.90500
57 0.90500
59 0.90300
61 0.90300
63 0.90200
65 0.90100
67 0.89600
69 0.89100
71 0.89300
73 0.88600
75 0.88600
77 0.88700
79 0.88600
81 0.88500
83 0.88500
85 0.88500
87 0.88500
89 0.88500
91 0.88500
93 0.88500
95 0.88500
97 0.88500
99 0.88100
101 0.88100
103 0.87800
105 0.87800
107 0.87100
109 0.86800
111 0.87100
113 0.86500
115 0.86100
117 0.86200
119 0.86300
121 0.86300
123 0.86300
125 0.86400
127 0.85800
129 0.85700
131 0.85900
133 0.86000
135 0.85600
137 0.85600
139 0.85300
141 0.85000
143 0.84800
145 0.84600
147 0.84300
149 0.84300
151 0.84100
153 0.84100
155 0.83800
157 0.83900
159 0.83500
161 0.82900
163 0.82300
165 0.81900
167 0.81500
169 0.81600
171 0.81600
173 0.81400
175 0.81000
177 0.80600
179 0.80200
181 0.79800
183 0.79300
185 0.78500
187 0.78500
189 0.78700
191 0.78300
193 0.78300
195 0.77800
197 0.77200
199 0.77200
