1 0.87900
3 0.86400
5 0.85800
7 0.85800
9 0.85700
11 0.85800
13 0.85500
15 0.85100
17 0.84500
19 0.83600
21 0.83700
23 0.83800
25 0.83500
27 0.82800
29 0.82800
31 0.82100
33 0.82000
35 0.81500
37 0.81100
39 0.81300
41 0.80700
43 0.80500
45 0.80600
47 0.80100
49 0.79800
51 0.79900
53 0.79800
55 0.79500
57 0.79200
59 0.79300
61 0.79300
63 0.79200
65 0.78800
67 0.78900
69 0.78900
71 0.78800
73 0.78600
75 0.78200
77 0.77900
79 0.77500
81 0.77700
83 0.77500
85 0.77500
87 0.77200
89 0.77000
91 0.76900
93 0.76800
95 0.76100
97 0.75600
99 0.75700
101 0.75600
103 0.75300
105 0.75500
107 0.75400
109 0.75500
111 0.75500
113 0.75600
115 0.75700
117 0.75500
119 0.75000
121 0.75000
123 0.75300
125 0.75000
127 0.74800
129 0.74600
131 0.74600
133 0.74400
135 0.74200
137 0.74400
139 0.74300
141 0.74000
143 0.74000
145 0.74000
147 0.73800
149 0.73600
151 0.73800
153 0.73800
155 0.73600
157 0.73600
159 0.73700
161 0.73400
163 0.73600
165 0.73500
167 0.73600
169 0.73700
171 0.73500
173 0.73500
175 0.73500
177 0.73000
179 0.73100
181 0.73000
183 0.73200
185 0.73100
187 0.73000
189 0.73100
191 0.72700
193 0.72600
195 0.72300
197 0.72100
199 0.72100
