1 0.88000
3 0.87200
5 0.86500
7 0.86900
9 0.86600
11 0.86700
13 0.86300
15 0.86300
17 0.86100
19 0.85600
21 0.85400
23 0.85500
25 0.85500
27 0.84700
29 0.84300
31 0.83700
33 0.83600
35 0.83500
37 0.83300
39 0.82900
41 0.82500
43 0.82300
45 0.82400
47 0.81900
49 0.81700
51 0.81500
53 0.81500
55 0.81100
57 0.80600
59 0.80700
61 0.80600
63 0.80500
65 0.80500
67 0.80600
69 0.80300
71 0.80200
73 0.80100
75 0.80000
77 0.79700
79 0.79600
81 0.79200
83 0.79100
85 0.78900
87 0.78700
89 0.78900
91 0.78800
93 0.78600
95 0.78700
97 0.78200
99 0.78500
101 0.78100
103 0.78000
105 0.78100
107 0.78000
109 0.78000
111 0.78000
113 0.78000
115 0.77900
117 0.77800
119 0.77800
121 0.77800
123 0.78000
125 0.77700
127 0.77300
129 0.77500
131 0.77300
133 0.77100
135 0.77100
137 0.76900
139 0.76800
141 0.76500
143 0.76900
145 0.76400
147 0.76100
149 0.76200
151 0.76100
153 0.75900
155 0.75900
157 0.75600
159 0.75800
161 0.75700
163 0.75500
165 0.75400
167 0.75300
169 0.75100
171 0.74700
173 0.74800
175 0.74800
177 0.74700
179 0.74500
181 0.74300
183 0.74300
185 0.74200
187 0.74300
189 0.74200
191 0.74100
193 0.74300
195 0.74100
197 0.73800
199 0.73800
