1 0.87900
3 0.87500
5 0.86800
7 0.86900
9 0.86900
11 0.87100
13 0.86600
15 0.86600
17 0.86600
19 0.86300
21 0.86100
23 0.86100
25 0.85800
27 0.85500
29 0.84800
31 0.84600
33 0.84400
35 0.84000
37 0.83700
39 0.83800
41 0.83800
43 0.83700
45 0.83200
47 0.83000
49 0.82700
51 0.82500
53 0.82000
55 0.82000
57 0.81800
59 0.81800
61 0.81600
63 0.81000
65 0.81200
67 0.81200
69 0.80900
71 0.80900
73 0.80300
75 0.80200
77 0.80100
79 0.80400
81 0.79900
83 0.79800
85 0.79300
87 0.79300
89 0.79200
91 0.79300
93 0.78900
95 0.78600
97 0.78700
99 0.78700
101 0.78800
103 0.78700
105 0.78700
107 0.78700
109 0.78700
111 0.78700
113 0.78900
115 0.78700
117 0.78700
119 0.78500
121 0.78400
123 0.78200
125 0.78200
127 0.78100
129 0.77900
131 0.77900
133 0.77600
135 0.77400
137 0.77300
139 0.77300
141 0.77200
143 0.76800
145 0.76200
147 0.76400
149 0.76400
151 0.76300
153 0.76300
155 0.76400
157 0.76000
159 0.76100
161 0.76100
163 0.76000
165 0.76000
167 0.75900
169 0.75500
171 0.75500
173 0.75500
175 0.75300
177 0.75300
179 0.75000
181 0.74900
183 0.74800
185 0.74600
187 0.74500
189 0.74400
191 0.74200
193 0.74100
195 0.74000
197 0.74100
199 0.74000
