1 0.91200
3 0.91800
5 0.92500
7 0.92900
9 0.92800
11 0.92800
13 0.92800
15 0.92800
17 0.92800
19 0.92800
21 0.92800
23 0.92800
25 0.93300
27 0.93200
29 0.93600
31 0.93600
33 0.93800
35 0.94000
37 0.94000
39 0.94000
41 0.94000
43 0.94000
45 0.94300
47 0.94500
49 0.94400
51 0.94300
53 0.94600
55 0.94400
57 0.94700
59 0.94500
61 0.94200
63 0.94200
65 0.93900
67 0.93700
69 0.93700
71 0.93800
73 0.93600
75 0.93400
77 0.93400
79 0.93400
81 0.93400
83 0.93300
85 0.93200
87 0.93200
89 0.93200
91 0.93200
93 0.93200
95 0.93200
97 0.93200
99 0.93300
101 0.93300
103 0.93700
105 0.93300
107 0.93300
109 0.92900
111 0.92700
113 0.92500
115 0.92600
117 0.92500
119 0.92200
121 0.92100
123 0.92000
125 0.91800
127 0.91700
129 0.91600
131 0.91400
133 0.91500
135 0.91700
137 0.91300
139 0.90900
141 0.90900
143 0.90600
145 0.90200
147 0.89700
149 0.89700
151 0.89500
153 0.89500
155 0.89300
157 0.89000
159 0.89100
161 0.88600
163 0.88600
165 0.88800
167 0.88500
169 0.88400
171 0.88100
173 0.87800
175 0.87500
177 0.87300
179 0.87000
181 0.87000
183 0.86700
185 0.86900
187 0.86700
189 0.86600
191 0.86400
193 0.86200
195 0.86100
197 0.86100
199 0.86000
