   1.5674352e+00   3.3441562e-01   0.0000000e+00
   2.1253323e+00   2.2876764e+00   0.0000000e+00
   8.5352865e-01   3.1909155e+00   0.0000000e+00
   3.1891642e+00   1.9623667e+00   0.0000000e+00
   2.3272924e+00   2.1746391e+00   0.0000000e+00
   1.8132914e+00   2.7257905e+00   0.0000000e+00
   1.4116835e+00   4.1831858e+00   0.0000000e+00
   1.8636041e+00   2.1139313e+00   0.0000000e+00
   3.0667682e+00   2.0592815e+00   0.0000000e+00
   1.9043516e+00   1.1676505e+00   0.0000000e+00
   2.2944108e+00   6.6381814e-01   0.0000000e+00
   2.7143246e+00   3.6235621e+00   0.0000000e+00
   1.3082243e+00   2.8579967e+00   0.0000000e+00
   3.2540014e+00   4.0627042e-01   0.0000000e+00
   5.5903557e-01   2.5711476e+00   0.0000000e+00
   1.6001144e+00   2.6899974e+00   0.0000000e+00
   2.8156223e+00   2.7119083e+00   0.0000000e+00
   3.2902498e+00   2.6686005e+00   0.0000000e+00
   3.1908381e+00   7.9754289e-01   0.0000000e+00
   1.9802104e+00   1.8432827e+00   0.0000000e+00
   3.9591444e-01   2.2573042e+00   0.0000000e+00
   9.4352707e-01   3.4151415e+00   0.0000000e+00
   1.1949096e+00   2.5287430e+00   0.0000000e+00
   2.2193207e+00   1.0780984e+00   0.0000000e+00
  -1.7067449e-01   1.9408122e+00   0.0000000e+00
   9.8936629e-01   2.6144630e+00   0.0000000e+00
   2.5077408e+00   3.6924299e+00   0.0000000e+00
   2.5912826e+00   1.3564048e+00   0.0000000e+00
   2.3803373e+00   9.9088448e-01   0.0000000e+00
   1.9804893e+00   1.9517792e+00   0.0000000e+00
   2.0000432e+00   1.6821405e+00   0.0000000e+00
   3.0950037e+00   1.2600974e-01   0.0000000e+00
   2.4281833e+00   2.8956385e+00   0.0000000e+00
   2.7309573e+00   2.5778573e+00   0.0000000e+00
   2.0403140e+00   2.6770892e+00   0.0000000e+00
   2.5689002e+00   1.7443546e+00   0.0000000e+00
   1.6225310e+00   1.7041129e+00   0.0000000e+00
   5.2486549e-01   1.7659960e+00   0.0000000e+00
   2.1184448e+00   2.3148090e+00   0.0000000e+00
   3.4435082e+00   1.6490253e+00   0.0000000e+00
   2.6232339e+00   2.7990486e+00   0.0000000e+00
   2.9408899e+00   1.0079083e+00   0.0000000e+00
   2.2120352e+00   2.2378821e+00   0.0000000e+00
   9.9223661e-01   1.2579552e+00   0.0000000e+00
   3.0822950e+00   1.8685003e+00   0.0000000e+00
   2.3898805e+00   2.0879871e+00   0.0000000e+00
   1.3645348e+00   1.4404267e+00   0.0000000e+00
   2.4436535e+00   1.0500962e+00   0.0000000e+00
   2.7811816e+00   2.5689606e+00   0.0000000e+00
   1.1782857e+00   1.7343931e+00   0.0000000e+00
   8.1222298e-01  -2.0232072e-01   0.0000000e+00
   2.9863374e+00   1.4813649e+00   0.0000000e+00
   2.3273676e+00   2.2340570e+00   0.0000000e+00
   2.0214661e+00   9.9605553e-01   0.0000000e+00
   1.0528539e+00   1.6255708e+00   0.0000000e+00
   8.1411379e-01   9.4409708e-01   0.0000000e+00
   3.4724799e+00   2.0557438e+00   0.0000000e+00
   7.8268255e-01   1.9587729e+00   0.0000000e+00
   8.7165614e-01   6.5072246e-01   0.0000000e+00
   1.7388984e+00   2.9534654e+00   0.0000000e+00
   5.1286444e+00   5.6564675e+00   1.0000000e+00
   3.8321806e+00   4.5393948e+00   1.0000000e+00
   4.7375600e+00   3.7868479e+00   1.0000000e+00
   3.6805630e+00   5.9312175e+00   1.0000000e+00
   5.0112449e+00   4.3548542e+00   1.0000000e+00
   5.8057288e+00   5.2316260e+00   1.0000000e+00
   4.0102403e+00   6.3395857e+00   1.0000000e+00
   5.2895020e+00   6.4789171e+00   1.0000000e+00
   6.1380280e+00   4.3158614e+00   1.0000000e+00
   3.7080640e+00   4.9270737e+00   1.0000000e+00
   4.6694011e+00   4.1563724e+00   1.0000000e+00
   5.4977697e+00   6.4884905e+00   1.0000000e+00
   4.4535241e+00   4.1532418e+00   1.0000000e+00
   4.7536635e+00   5.6630241e+00   1.0000000e+00
   4.1458026e+00   3.7986852e+00   1.0000000e+00
   4.8801306e+00   4.9347060e+00   1.0000000e+00
   5.4852956e+00   4.4045091e+00   1.0000000e+00
   4.8503323e+00   4.5652481e+00   1.0000000e+00
   4.9206698e+00   6.5351523e+00   1.0000000e+00
   4.3935171e+00   3.6526373e+00   1.0000000e+00
   5.4693831e+00   4.0964331e+00   1.0000000e+00
   5.0358796e+00   4.3724688e+00   1.0000000e+00
   5.5353980e+00   5.5528835e+00   1.0000000e+00
   4.7963095e+00   2.9456753e+00   1.0000000e+00
   5.1325607e+00   6.5929407e+00   1.0000000e+00
   6.0184118e+00   3.4195975e+00   1.0000000e+00
   4.9213381e+00   4.3183431e+00   1.0000000e+00
   3.9754469e+00   3.7656465e+00   1.0000000e+00
   5.2888070e+00   4.5706970e+00   1.0000000e+00
   5.0558012e+00   4.6321264e+00   1.0000000e+00
   4.5350266e+00   5.3709606e+00   1.0000000e+00
   5.7282829e+00   7.1121602e+00   1.0000000e+00
   3.6427023e+00   3.9773899e+00   1.0000000e+00
   6.0378342e+00   4.6102005e+00   1.0000000e+00
   3.6187344e+00   5.3155426e+00   1.0000000e+00
   6.5532426e+00   5.7078939e+00   1.0000000e+00
   6.9573848e+00   5.5045424e+00   1.0000000e+00
   6.8645290e+00   4.6601882e+00   1.0000000e+00
   3.8602206e+00   4.7888765e+00   1.0000000e+00
   6.1902449e+00   3.8837912e+00   1.0000000e+00
   5.6352741e+00   4.3985879e+00   1.0000000e+00
   5.5511847e+00   3.9001595e+00   1.0000000e+00
   5.0859906e+00   2.9954367e+00   1.0000000e+00
   4.5069121e+00   5.4620480e+00   1.0000000e+00
   4.6789953e+00   6.2365557e+00   1.0000000e+00
   4.3687203e+00   2.6747889e+00   1.0000000e+00
   3.7683635e+00   6.0556484e+00   1.0000000e+00
   4.8867760e+00   5.3792236e+00   1.0000000e+00
   5.9441997e+00   2.8795733e+00   1.0000000e+00
   4.3553211e+00   4.2956983e+00   1.0000000e+00
   3.9818628e+00   4.8179181e+00   1.0000000e+00
   6.5210132e+00   4.9615612e+00   1.0000000e+00
   6.2274480e+00   4.3037952e+00   1.0000000e+00
   5.0075245e+00   4.2171070e+00   1.0000000e+00
   5.5869386e+00   4.7487926e+00   1.0000000e+00
   5.4801358e+00   5.6681550e+00   1.0000000e+00
   4.9216788e+00   5.8891726e+00   1.0000000e+00
   7.3092875e+00   5.5246387e+00   1.0000000e+00
   4.9882127e+00   5.9131408e+00   1.0000000e+00
   5.0559407e+00   3.8929301e+00   1.0000000e+00
