   3.7282466e+00   2.9924924e+00   0.0000000e+00
   2.5856732e+00   4.9146787e+00   0.0000000e+00
   5.7951009e+00   2.2161610e+00   0.0000000e+00
   3.1551367e+00   1.7885263e+00   0.0000000e+00
   4.0206579e+00  -5.4688477e-01   0.0000000e+00
   4.4851723e+00   3.3283487e+00   0.0000000e+00
   3.3924937e+00   4.8201667e+00   0.0000000e+00
   2.5879995e+00   2.8002983e+00   0.0000000e+00
   1.0942497e+00   5.0459032e-01   0.0000000e+00
   1.9446686e+00   3.4213207e+00   0.0000000e+00
   2.1881860e+00   9.9970391e-01   0.0000000e+00
   4.6090294e+00   1.9318718e+00   0.0000000e+00
   2.9830717e+00   2.9987745e+00   0.0000000e+00
   2.6258456e+00   3.5948630e+00   0.0000000e+00
   2.6039800e+00   5.0398368e-01   0.0000000e+00
   1.4565374e+00   3.3646421e+00   0.0000000e+00
   1.1151148e+00   2.4792252e+00   0.0000000e+00
   1.5879417e+00   1.2381596e+00   0.0000000e+00
   1.4682875e+00   2.3974999e+00   0.0000000e+00
   3.2604985e+00   2.8258223e+00   0.0000000e+00
   4.5961787e+00   2.6319206e+00   0.0000000e+00
   7.2369130e-01   3.0146012e+00   0.0000000e+00
   3.1070593e+00   3.4748037e+00   0.0000000e+00
   3.7497385e+00   4.9171262e+00   0.0000000e+00
   2.1782758e+00   3.3912126e+00   0.0000000e+00
   2.9802350e+00   2.1296040e+00   0.0000000e+00
   6.2044626e+00   2.6135743e+00   0.0000000e+00
   8.8570727e-01   5.6551513e+00   0.0000000e+00
   3.4883190e+00   1.3214406e+00   0.0000000e+00
   3.9305252e+00   4.9046728e+00   0.0000000e+00
   1.6559362e+00   3.2027632e+00   0.0000000e+00
   2.7914400e+00   1.2549071e+00   0.0000000e+00
   4.7755793e+00   2.9768555e+00   0.0000000e+00
   3.8043280e+00   1.9253571e+00   0.0000000e+00
   2.0166609e+00   3.4715441e+00   0.0000000e+00
   3.1602211e+00   5.7723243e+00   0.0000000e+00
   2.5873415e+00   6.3188311e+00   0.0000000e+00
   5.2627886e+00   8.2382100e-02   0.0000000e+00
   4.7918583e-01   2.1396988e+00   0.0000000e+00
   2.7212752e+00   3.0134012e+00   0.0000000e+00
   4.2554248e+00   1.9165940e+00   0.0000000e+00
   1.9177643e+00   2.6982285e+00   0.0000000e+00
   2.9693038e+00   3.4183350e+00   0.0000000e+00
   4.5874422e+00   3.9325099e+00   0.0000000e+00
   3.7407707e-01   4.0460213e+00   0.0000000e+00
   4.2172288e+00   3.9545174e+00   0.0000000e+00
   4.9651205e+00   3.4906463e+00   0.0000000e+00
   1.9905103e+00   2.7760088e+00   0.0000000e+00
  -6.7352663e-01   3.7099284e+00   0.0000000e+00
   3.1754185e+00   2.1133442e+00   0.0000000e+00
   2.0179385e+00   1.3790072e+00   0.0000000e+00
   2.9284037e+00   3.5690168e+00   0.0000000e+00
   2.5044584e+00   2.2501526e+00   0.0000000e+00
   2.9460321e+00   2.7378595e+00   0.0000000e+00
   1.5641024e+00   4.9388219e+00   0.0000000e+00
   3.6613645e+00   4.9214114e+00   0.0000000e+00
   2.2534053e+00   1.3219250e+00   0.0000000e+00
   4.2114744e+00   3.0617994e+00   0.0000000e+00
   1.8656871e+00   2.8663063e+00   0.0000000e+00
  -1.3275483e-02   4.6258771e+00   0.0000000e+00
   3.5282142e+00   3.9672670e+00   1.0000000e+00
   7.0092192e+00   3.6361353e+00   1.0000000e+00
   4.3807134e+00   4.2407552e+00   1.0000000e+00
   7.4296217e+00   5.1213511e+00   1.0000000e+00
   3.3784153e+00   3.3132233e+00   1.0000000e+00
   7.6035145e+00   7.9061879e+00   1.0000000e+00
   7.4526023e+00   3.1160897e+00   1.0000000e+00
   4.6796937e+00   4.7016019e+00   1.0000000e+00
   5.4612488e+00   4.1415118e+00   1.0000000e+00
   3.5335274e+00   4.3297859e+00   1.0000000e+00
   6.6231379e+00   8.5589719e+00   1.0000000e+00
   5.3439325e+00   4.6000653e+00   1.0000000e+00
   6.0525083e+00   4.2686143e+00   1.0000000e+00
   7.7937196e+00   6.6602767e+00   1.0000000e+00
   3.1586514e+00   3.9951723e+00   1.0000000e+00
   7.0113942e+00   5.5821250e+00   1.0000000e+00
   5.5895884e+00   2.4389996e+00   1.0000000e+00
   5.3417880e+00   6.0284493e+00   1.0000000e+00
   4.0448148e+00   3.4960917e+00   1.0000000e+00
   4.7215690e+00   3.4189509e+00   1.0000000e+00
   4.8926908e+00   5.4187976e+00   1.0000000e+00
   7.0599130e+00   5.2697615e+00   1.0000000e+00
   4.1869752e+00   7.4512859e+00   1.0000000e+00
   6.2378227e+00   5.3461417e+00   1.0000000e+00
   6.0074509e+00   4.2378832e+00   1.0000000e+00
   6.2845274e+00   5.4027552e+00   1.0000000e+00
   5.9374628e+00   3.4289931e+00   1.0000000e+00
   7.3035056e+00   5.6516386e+00   1.0000000e+00
   2.1242962e+00   5.7049093e+00   1.0000000e+00
   6.9115267e+00   5.9578137e+00   1.0000000e+00
   7.0711737e+00   6.9797643e+00   1.0000000e+00
   3.6358561e+00   1.5415924e+00   1.0000000e+00
   7.6830954e+00   5.5861967e+00   1.0000000e+00
   5.0304855e+00   4.3910345e+00   1.0000000e+00
   2.6976582e+00   5.3320597e+00   1.0000000e+00
   2.9382820e+00   3.7410717e+00   1.0000000e+00
   4.6870362e+00   6.1338695e+00   1.0000000e+00
   5.5636017e+00   2.9818806e+00   1.0000000e+00
   7.2228144e+00   5.0491042e+00   1.0000000e+00
   7.8056792e+00   3.1865142e+00   1.0000000e+00
   3.8260522e+00   3.8490522e+00   1.0000000e+00
   4.8391998e+00   3.5344150e+00   1.0000000e+00
   3.5540178e+00   1.4312415e+00   1.0000000e+00
   3.7427181e+00   5.3860185e+00   1.0000000e+00
   4.7242490e+00   4.7485771e+00   1.0000000e+00
   4.8245166e+00   5.2527323e+00   1.0000000e+00
   4.2481906e+00   3.9423854e+00   1.0000000e+00
   5.7622470e+00   4.3686177e+00   1.0000000e+00
   5.3437001e+00   3.5607545e+00   1.0000000e+00
   4.7809361e+00   6.1168070e+00   1.0000000e+00
   3.6642560e+00   5.2085928e+00   1.0000000e+00
   4.6457836e+00   4.8868113e+00   1.0000000e+00
   4.4621421e+00   1.8835477e+00   1.0000000e+00
   4.7846814e+00   7.0900122e+00   1.0000000e+00
   5.9777061e+00   4.4342997e+00   1.0000000e+00
   4.0078354e+00   5.3734370e+00   1.0000000e+00
   4.4247258e+00   4.2072803e+00   1.0000000e+00
   5.0830825e+00   6.8806529e+00   1.0000000e+00
   1.2199945e+00   5.8772842e+00   1.0000000e+00
   3.4879034e+00   6.4164272e+00   1.0000000e+00
